,date,County,Total.Tests,Total.Positive.Tests,Total.Recovered,Total.Deaths,Underlying.Cause.Deaths,Contributing.Factor.Deaths,Individuals.Tested,Individuals.Positive,Antigen,Positive.PCR,Positive.Antigen,Active,positivity,Tests over Individuals
Adair,2/20/2021,Adair,10459,904,671,26,20,6,3345,794,552,618,176,97,0.237369208,110
Adams,2/20/2021,Adams,4402,325,299,3,3,0,1468,317,177,289,28,15,0.215940054,8
Allamakee,2/20/2021,Allamakee,17568,1431,1273,41,35,6,5582,1387,488,1233,154,73,0.248477248,44
Appanoose,2/20/2021,Appanoose,15018,1360,1086,47,43,4,5570,1203,746,974,229,70,0.215978456,157
Audubon,2/20/2021,Audubon,9819,481,413,9,8,1,2416,465,459,396,69,43,0.192466887,16
Benton,2/20/2021,Benton,30201,2467,2078,54,44,10,11653,2323,1251,2063,260,191,0.199347807,144
Black Hawk,2/20/2021,Black Hawk,179180,16106,13833,284,267,17,65507,14766,4582,14010,756,649,0.225411025,1340
Boone,2/20/2021,Boone,37243,2559,2205,30,28,2,12729,2383,3193,1739,644,148,0.187210307,176
Bremer,2/20/2021,Bremer,30869,2750,2449,53,47,6,11280,2629,2530,2039,590,127,0.233067376,121
Buchanan,2/20/2021,Buchanan,24871,1822,1597,27,24,3,8686,1733,769,1579,154,109,0.199516463,89
Buena Vista,2/20/2021,Buena Vista,38728,4678,3935,36,33,3,13960,4058,1513,3717,341,87,0.290687679,620
Butler,2/20/2021,Butler,24285,1654,1488,31,28,3,6557,1570,1634,1133,437,51,0.239438768,84
Calhoun,2/20/2021,Calhoun,15520,1320,1227,10,10,0,4954,1274,1970,724,550,37,0.257165927,46
Carroll,2/20/2021,Carroll,30756,2834,2541,47,39,8,10622,2640,2081,2042,598,52,0.248540764,194
Cass,2/20/2021,Cass,17600,1309,1104,48,45,3,5870,1244,903,1036,208,92,0.211925043,65
Cedar,2/20/2021,Cedar,25019,1727,1537,22,21,1,8375,1655,767,1549,106,96,0.19761194,72
Cerro Gordo,2/20/2021,Cerro Gordo,64851,5289,4674,79,67,12,22910,4943,8492,2598,2345,190,0.215757311,346
Cherokee,2/20/2021,Cherokee,17116,1524,1367,35,29,6,5585,1432,1730,964,468,30,0.256401074,92
Chickasaw,2/20/2021,Chickasaw,14857,1243,1131,13,12,1,5066,1180,1521,705,475,36,0.232925385,63
Clarke,2/20/2021,Clarke,11314,979,795,20,20,0,4507,924,1216,646,278,109,0.205014422,55
Clay,2/20/2021,Clay,24698,1923,1703,25,20,5,7711,1824,1940,1389,435,96,0.236545195,99
Clayton,2/20/2021,Clayton,20476,1673,1495,53,45,8,6467,1591,664,1397,194,43,0.246018246,82
Clinton,2/20/2021,Clinton,51076,5349,4517,82,73,9,20543,4920,1155,4617,303,321,0.239497639,429
Crawford,2/20/2021,Crawford,22787,2696,2313,35,31,4,8236,2475,1115,1877,598,127,0.300509956,221
Dallas,2/20/2021,Dallas,106040,11110,9024,88,77,11,49631,9919,11369,7566,2353,807,0.199854929,1191
Davis,2/20/2021,Davis,9012,819,687,23,22,1,3135,749,966,511,238,39,0.23891547,70
Decatur,2/20/2021,Decatur,8390,565,500,9,9,0,3280,550,1927,265,285,41,0.167682927,15
Delaware,2/20/2021,Delaware,22548,1884,1723,38,33,5,7335,1844,949,1564,280,83,0.25139741,40
Des Moines,2/20/2021,Des Moines,45951,4500,3907,56,49,7,19607,4193,629,4064,129,230,0.213852196,307
Dickinson,2/20/2021,Dickinson,21641,2145,1855,38,32,6,9571,1992,795,1799,193,99,0.208128722,153
Dubuque,2/20/2021,Dubuque,155986,13359,11461,191,178,13,53221,12219,3838,11511,708,567,0.229589824,1140
Emmet,2/20/2021,Emmet,13793,1205,1066,39,37,2,4662,1136,591,1024,112,31,0.243672244,69
Fayette,2/20/2021,Fayette,28994,1834,1632,32,29,3,8538,1759,1148,1588,171,95,0.206020145,75
Floyd,2/20/2021,Floyd,21529,1618,1379,38,30,8,7172,1462,1641,1009,453,45,0.203848299,156
Franklin,2/20/2021,Franklin,17008,1177,1016,19,18,1,4861,1082,2023,554,528,47,0.222587945,95
Fremont,2/20/2021,Fremont,6264,581,525,9,7,2,2469,549,520,415,134,15,0.22235723,32
Greene,2/20/2021,Greene,12660,763,692,10,10,0,3825,722,966,466,256,20,0.18875817,41
Grundy,2/20/2021,Grundy,16039,1367,1204,30,25,5,5378,1297,755,1109,188,63,0.24116772,70
Guthrie,2/20/2021,Guthrie,14976,1153,1019,28,23,5,5180,1076,1733,669,407,29,0.207722008,77
Hamilton,2/20/2021,Hamilton,20263,1901,1589,40,39,1,7041,1720,2193,979,741,91,0.244283482,181
Hancock,2/20/2021,Hancock,17875,1459,1295,28,23,5,5588,1365,1487,855,510,42,0.244273443,94
Hardin,2/20/2021,Hardin,28502,1781,1548,35,31,4,7736,1661,1912,1172,489,78,0.214710445,120
Harrison,2/20/2021,Harrison,17288,1776,1520,68,64,4,6030,1653,962,1317,336,65,0.274129353,123
Henry,2/20/2021,Henry,30685,2917,2654,35,35,0,10214,2777,1996,2049,728,88,0.271881731,140
Howard,2/20/2021,Howard,13775,1013,839,21,17,4,4182,974,902,722,252,114,0.232902917,39
Humboldt,2/20/2021,Humboldt,13067,1165,1044,23,20,3,4413,1118,2059,432,686,51,0.253342397,47
Ida,2/20/2021,Ida,9952,906,728,32,30,2,3035,804,562,627,177,44,0.26490939,102
Iowa,2/20/2021,Iowa,24586,1425,1262,23,21,2,7513,1365,834,1248,117,80,0.181685079,60
Jackson,2/20/2021,Jackson,21387,2192,1924,37,34,3,8353,2075,1222,1704,371,114,0.248413744,117
Jasper,2/20/2021,Jasper,41843,4014,3303,65,61,4,16667,3703,2315,3201,502,335,0.222175556,311
Jefferson,2/20/2021,Jefferson,17086,1371,1206,32,27,5,7173,1267,613,1103,164,29,0.176634602,104
Johnson,2/20/2021,Johnson,175355,13655,12196,72,67,5,73315,12925,2977,12456,469,657,0.176294074,730
Jones,2/20/2021,Jones,21495,2925,2696,54,50,4,9199,2835,710,2614,221,85,0.308185672,90
Keokuk,2/20/2021,Keokuk,12870,968,845,29,29,0,3853,904,859,645,259,30,0.234622372,64
Kossuth,2/20/2021,Kossuth,21122,2049,1782,54,47,7,7279,1945,2015,1142,803,109,0.267207034,104
Lee,2/20/2021,Lee,45002,3705,3216,51,38,13,14734,3493,1244,3170,323,226,0.237070721,212
Linn,2/20/2021,Linn,241201,20418,17751,305,278,27,107656,19225,14578,16321,2904,1169,0.178578063,1193
Louisa,2/20/2021,Louisa,14606,1265,1127,41,34,7,5053,1207,711,1023,184,39,0.238867999,58
Lucas,2/20/2021,Lucas,7816,724,648,21,17,4,3514,696,841,505,191,27,0.198064883,28
Lyon,2/20/2021,Lyon,12543,1444,1345,41,37,4,4277,1440,911,994,446,54,0.336684592,4
Madison,2/20/2021,Madison,16583,1513,1236,17,13,4,7062,1382,1398,1103,279,129,0.19569527,131
Mahaska,2/20/2021,Mahaska,25229,2218,1936,44,39,5,9664,2123,2159,1445,678,143,0.219681291,95
Marion,2/20/2021,Marion,33956,3540,3063,66,58,8,14556,3350,3387,2358,992,221,0.230145644,190
Marshall,2/20/2021,Marshall,68259,4920,4257,70,63,7,19699,4575,4330,3792,783,248,0.232245292,345
Mills,2/20/2021,Mills,18677,1612,1368,20,17,3,7204,1462,992,1214,248,74,0.20294281,150
Mitchell,2/20/2021,Mitchell,14847,1296,1141,40,38,2,5128,1189,711,966,223,8,0.231864275,107
Monona,2/20/2021,Monona,15197,811,698,25,24,1,3488,758,492,644,114,35,0.217316514,53
Monroe,2/20/2021,Monroe,8080,915,801,27,21,6,3145,875,379,761,114,47,0.278219396,40
Montgomery,2/20/2021,Montgomery,11918,1033,863,36,34,2,4134,960,719,761,199,61,0.23222061,73
Muscatine,2/20/2021,Muscatine,44880,4434,3870,88,79,9,19717,4142,1662,3815,327,184,0.210072526,292
O'Brien,2/20/2021,O'Brien,21192,1911,1660,58,54,4,6184,1774,1178,1410,364,56,0.28686934,137
Osceola,2/20/2021,Osceola,6648,690,636,14,12,2,2250,667,344,590,77,17,0.296444444,23
Page,2/20/2021,Page,16974,1784,1634,19,18,1,5884,1726,996,1314,412,73,0.293337865,58
Palo Alto,2/20/2021,Palo Alto,15288,1038,911,21,19,2,4168,993,1381,582,411,61,0.238243762,45
Pending Investigation,2/20/2021,Pending Investigation,13188,915,791,0,0,0,6581,894,2725,525,369,103,0.135845616,21
Plymouth,2/20/2021,Plymouth,32388,3908,3464,77,69,8,12401,3632,1207,3365,267,91,0.292879606,276
Pocahontas,2/20/2021,Pocahontas,11159,848,767,19,19,0,3239,804,1156,435,369,18,0.248224761,44
Polk,2/20/2021,Polk,559726,57064,46417,537,478,59,251806,50635,43571,42264,8371,3681,0.201087345,6429
Pottawattamie,2/20/2021,Pottawattamie,100312,10633,9059,140,125,15,44005,9678,5952,8264,1414,479,0.219929553,955
Poweshiek,2/20/2021,Poweshiek,33300,1527,1335,29,27,2,8177,1457,1105,1282,175,93,0.178182708,70
Ringgold,2/20/2021,Ringgold,8345,515,455,16,15,1,2218,496,420,355,141,25,0.223624887,19
Sac,2/20/2021,Sac,16509,1230,1106,17,17,0,4926,1160,1343,801,359,37,0.235485181,70
Scott,2/20/2021,Scott,173379,18096,15681,200,187,13,79085,16862,4223,15877,985,981,0.213213631,1234
Shelby,2/20/2021,Shelby,13597,1190,1025,32,29,3,4947,1135,1237,817,318,78,0.229431979,55
Sioux,2/20/2021,Sioux,36024,4888,4532,67,64,3,14729,4724,1440,4345,379,125,0.320727816,164
Story,2/20/2021,Story,134854,10035,8776,45,39,6,52374,9378,5977,8379,999,557,0.179058311,657
Tama,2/20/2021,Tama,27317,2102,1848,64,62,2,7892,1985,1524,1639,346,73,0.251520527,117
Taylor,2/20/2021,Taylor,7041,660,597,11,9,2,2362,636,300,539,97,28,0.269263336,24
Union,2/20/2021,Union,14500,1254,1095,31,26,5,6134,1177,527,1039,138,51,0.191881317,77
Van Buren,2/20/2021,Van Buren,7092,557,489,17,14,3,2542,534,1048,253,281,28,0.21007081,23
Wapello,2/20/2021,Wapello,38425,4201,3466,105,102,3,16670,3885,2440,3212,673,314,0.233053389,316
Warren,2/20/2021,Warren,61513,5457,4538,69,64,5,25650,5008,4628,4063,945,401,0.195243665,449
Washington,2/20/2021,Washington,34429,2530,2196,43,40,3,11016,2377,3413,1558,819,138,0.215777052,153
Wayne,2/20/2021,Wayne,4923,482,399,21,17,4,2048,445,555,268,177,25,0.217285156,37
Webster,2/20/2021,Webster,58981,5128,4660,85,71,14,20191,4873,9455,1953,2920,128,0.241345154,255
Winnebago,2/20/2021,Winnebago,14647,1361,1194,30,25,5,5720,1277,1670,793,484,53,0.223251748,84
Winneshiek,2/20/2021,Winneshiek,29667,1849,1584,26,22,4,9354,1786,832,1656,130,176,0.19093436,63
Woodbury,2/20/2021,Woodbury,120660,14784,12958,210,194,16,54951,13579,3329,13070,509,411,0.247111063,1205
Worth,2/20/2021,Worth,10544,684,619,4,3,1,3453,650,1115,399,251,27,0.188242108,34
Wright,2/20/2021,Wright,18320,1780,1650,31,26,5,7491,1717,1202,1316,401,36,0.229208383,63
Total,2/20/2021,Totals,3946431,358949,308714,5336,4803,533,1536534,332191,235723,276949,55242,18141,0.216195021,26758
